417
464
65
468
324
50
143
280
490
494
81
497
490
249
410
73
216
469
406
491
336
18
435
478
348
388
380
201
336
88
361
16
142
24
50
422
356
162
487
18
225
195
392
407
96
251
228
331
363
386
141
348
335
83
61
255
491
174
300
115
385
131
259
358
456
491
280
71
76
132
430
130
417
125
476
179
101
129
315
242
180
425
300
281
470
146
388
386
195
291
39
28
272
399
478
67
291
240
6
173
83
407
159
271
85
308
135
335
353
383
231
43
117
468
78
423
276
510
40
227
55
492
2
397
418
445
43
205
133
410
221
466
93
135
75
70
445
297
282
74
437
318
180
263
206
39
123
63
94
123
214
25
462
484
251
250
173
461
189
57
399
200
124
207
49
68
482
490
295
31
120
181
420
8
22
87
332
375
332
231
280
152
381
97
352
94
189
320
399
42
476
397
249
223
229
157
260
262
419
407
330
194
416
273
180
481
448
282
319
301
106
154
241
118
432
100
116
87
117
223
159
473
220
95
463
502
225
57
132
209
305
134
309
364
114
60
152
163
217
260
44
134
410
15
476
374
250
296
121
235
493
280
267
119
250
320
348
203
188
506
19
453
468
408
51
134
172
348
70
369
55
335
253
399
366
463
456
171
358
101
16
381
256
246
463
312
316
440
412
295
94
123
454
15
251
86
501
365
256
241
31
349
22
37
267
50
419
419
370
77
338
266
498
332
410
232
221
423
43
68
89
200
426
411
31
204
270
213
336
322
149
221
8
504
86
54
191
101
251
174
487
471
27
378
138
216
281
483
214
503
154
359
341
276
357
341
91
66
512
88
17
287
452
343
98
189
236
503
80
438
330
193
98
219
247
62
302
116
197
298
129
149
316
136
422
503
374
176
299
55
464
450
419
133
304
12
218
160
83
92
217
48
306
241
356
358
327
17
35
164
272
335
209
420
368
496
272
166
54
313
399
217
47
136
79
144
225
270
234
448
265
483
327
490
123
346
148
344
356
35
130
115
342
432
176
400
346
3
308
198
469
1
237
217
236
394
165
402
241
18
90
370
242
78
175
311
98
378
124
470
138
392
97
147
47
295
350
280
218
330
332
348
326
484
107
363
121
61
311
230
235
339
394
179
339
213
431
426
131
314
298
277
445
136
163
61
481
331
245
327
279
331
278
369
268
509
112
54
56
33
207
230
187
391
321
395
478
498
98
71
356
48
269
272
441
248
201
344
380
266
178
77
300
134
23
387
124
227
352
184
377
202
350
360
226
10
169
217
138
101
421
220
455
200
394
203
414
387
193
111
405
486
168
344
225
427
394
86
441
507
263
453
301
79
102
208
383
423
404
163
273
46
57
70
347
254
97
253
76
28
436
287
476
357
298
417
450
506
0
443
314
507
270
246
410
117
255
461
294
433
378
300
126
341
43
320
338
374
456
503
394
298
475
297
9
62
442
248
433
107
283
323
16
315
186
25
251
99
63
105
75
97
22
325
144
276
356
256
274
228
63
251
437
447
138
107
289
328
214
105
485
42
54
73
85
318
294
27
477
373
378
32
441
478
504
440
402
263
91
204
69
16
481
154
151
170
239
332
13
431
286
437
178
228
28
91
339
169
460
60
506
276
362
512
147
212
238
391
419
51
91
184
29
267
172
90
107
463
346
240
467
53
382
377
288
94
306
154
69
109
458
37
124
28
226
7
459
101
48
157
234
52
510
170
152
32
153
24
259
390
323
46
41
398
463
273
56
423
173
151
382
5
25
342
309
269
374
362
400
147
355
285
203
32
399
173
311
380
54
65
281
248
456
409
376
26
37
45
409
483
350
68
370
57
60
328
168
335
384
299
379
120
376
497
444
44
188
189
351
306
404
188
105
44
395
105
199
283
117
329
248
78
400
52
151
122
272
47
208
54
57
402
149
309
494
221
356
388
222
336
56
478
96
136
408
250
394
203
140
19
345
220
231
312
30
162
396
357
64
67
47
4
217
336
370
272
56
323
65
69
50
73
86
100
163
162
111
129
457
360
285
94
109
40
468
362
286
160
85
319
506
87
132
203
38
350
206
503
206
318
79
195
83
388
446
180
351
151
272
426
306
172
153
232
216
184
286
380
217
220
64
13
149
163
335
490
479
234
123
391
389
379
381
54
349
237
109
50
422
90
84
341
458
264
360
79
488
277
348
19
414
383
62
269
167
280
204
213
93
131
11
473
335
477
84
472
407
296
225
132
385
117
33
393
344
366
329
215
200
418
163
417
404
436
259
325
487
227
31
444
323
182
510
115
334
310
198
73
13
216
94
372
190
431
376
292
91
490
136
473
115
191
45
328
