92
23
370
178
338
197
321
11
466
410
382
416
196
316
295
271
141
127
231
117
412
505
15
274
45
411
506
34
481
9
350
401
273
453
460
320
71
112
93
21
55
316
481
181
210
504
484
346
506
393
172
339
125
151
348
270
211
309
384
299
283
299
262
42
368
510
182
497
177
454
233
212
111
64
158
372
401
355
5
432
472
395
22
194
361
374
115
138
345
244
319
121
91
425
393
478
55
93
51
251
99
459
51
23
285
396
160
92
174
108
261
464
322
52
200
28
257
221
511
416
249
458
70
200
475
470
365
317
176
479
64
374
331
427
204
384
428
165
283
501
281
169
317
185
387
212
252
356
498
168
429
378
489
16
183
339
144
118
364
320
302
338
24
179
231
123
366
438
144
374
71
428
71
301
187
413
258
251
449
181
230
493
22
498
97
342
300
346
185
318
415
10
43
499
333
118
207
62
137
132
170
78
178
62
453
48
476
204
24
175
377
407
279
351
458
28
155
24
100
369
370
449
298
36
472
410
146
278
504
366
430
222
241
287
138
383
258
331
158
71
243
186
404
400
342
68
11
287
154
481
502
147
410
459
306
453
483
281
373
295
13
229
331
267
191
480
425
435
191
304
447
478
342
106
335
37
208
341
478
415
248
387
214
498
506
442
199
233
126
402
452
468
286
307
76
461
231
105
461
390
452
146
345
340
63
209
141
367
145
459
423
200
255
356
427
312
294
167
234
365
453
369
10
345
225
224
60
417
166
126
175
192
280
288
203
204
264
337
487
370
205
426
69
31
43
84
166
154
6
276
49
75
323
440
499
292
510
283
264
169
220
252
36
455
33
223
423
202
314
419
454
477
98
132
460
304
258
314
420
272
103
232
219
495
317
356
369
178
265
285
80
288
356
218
428
374
184
233
198
397
376
220
355
484
402
361
56
200
303
235
26
117
427
8
442
40
343
256
112
293
63
344
307
29
29
78
10
223
426
316
266
442
50
465
55
265
73
286
2
393
435
469
505
259
139
52
260
300
391
42
339
265
88
481
302
226
482
336
231
430
273
284
348
188
123
296
444
208
58
227
154
206
427
207
200
185
72
133
44
220
132
152
218
61
253
362
125
402
38
202
2
113
1
97
73
137
90
71
307
461
481
113
247
193
268
136
35
223
89
13
489
220
492
390
4
348
361
330
283
112
395
117
190
456
438
206
163
312
466
465
303
170
437
227
463
17
273
367
92
172
96
165
207
281
25
283
141
124
124
79
490
479
419
373
90
185
97
1
162
358
320
278
225
147
257
390
390
295
383
331
63
258
178
47
76
101
344
221
356
131
5
273
143
484
464
201
13
344
429
497
29
231
298
352
368
333
372
191
298
59
30
502
146
305
493
95
99
175
478
200
140
78
203
192
67
223
47
315
6
294
404
121
229
292
31
254
329
113
429
497
433
259
143
382
121
490
318
307
88
46
131
440
466
358
371
118
295
415
207
506
46
164
262
31
372
285
271
425
440
404
163
232
385
56
56
138
269
498
364
160
149
435
467
327
131
45
429
299
485
31
299
146
424
98
227
201
423
347
106
163
69
344
292
87
76
244
465
283
17
28
412
231
196
404
187
273
364
446
168
333
499
39
301
212
158
135
388
510
96
400
100
508
411
217
373
255
414
183
38
303
466
99
221
384
20
485
391
286
94
255
265
509
438
493
348
207
479
245
119
203
361
286
387
510
493
274
494
59
26
156
297
272
461
277
221
278
365
9
410
73
245
131
189
339
87
143
101
100
167
451
241
207
92
496
209
432
315
193
449
402
238
417
460
220
171
305
462
359
193
376
489
278
277
159
36
93
48
237
5
468
329
1
16
107
233
65
4
372
181
400
224
224
25
25
47
304
123
431
439
493
250
113
116
275
390
178
236
327
470
83
366
296
222
453
201
92
324
319
168
411
512
502
65
119
12
311
57
209
453
281
189
107
226
490
64
241
439
22
354
501
145
68
351
466
313
461
99
386
177
214
80
419
320
378
412
34
487
255
387
380
426
80
234
316
477
428
458
298
298
438
18
453
209
19
382
79
74
310
130
166
206
208
198
312
85
96
48
165
394
120
379
355
422
424
150
158
268
167
426
415
285
135
348
120
234
197
276
508
387
502
120
271
26
388
308
439
506
476
210
0
277
106
112
167
49
383
383
278
173
426
283
490
457
183
280
178
319
408
382
64
421
13
212
374
400
188
381
457
124
66
115
179
147
475
26
303
83
429
86
257
512
182
24
109
204
171
118
479
350
493
224
481
3
312
410
119
477
391
423
294
406
168
114
160
299
425
149
206
441
315
507
104
424
346
